amt <- 
c(20, 20, 20, 20, 20, 20, 20, 20, 20, 20, 20, 20, 20, 20)
cmt <- 
c(1, 1, 1, 1, 1, 1, 1, 1, 1, 1, 1, 1, 1, 1)
cObs <- 
c(109, 249, 300, 269, 360, 168, 114, 72.6, 48.3, 30.2, 26.6, 17.7,
12.4)
evid <- 
c(1, 0, 0, 0, 0, 0, 0, 0, 0, 0, 0, 0, 0, 0)
iObs <- 
c(2, 3, 4, 5, 6, 7, 8, 9, 10, 11, 12, 13, 14)
nObs <- 13
nt <- 14
respObs <- 
c(3.66033618662856, 9.0092202609012, 57.9465131782864,
65.2440041386484, 60.0369505104016, 65.7022283491566, 62.4707569775122,
44.4101247531305, 29.2905126102645, 30.4521179187915, 25.5117593973144,
15.0679877202633, 6.29335052673625)
time <- 
c(0, 0.125, 0.25, 0.5, 0.75, 1, 2, 3, 4, 6, 8, 12, 18, 24)
