amt <- 
c(1000, 0, 0, 0, 0, 0, 0, 0, 0, 0, 0, 0, 0, 1000, 0, 0, 0,
0, 0, 0, 0, 0, 0, 0, 0, 0, 1000, 0, 0, 0, 0, 0, 0, 0, 0, 0, 0, 0, 0,
1000, 0, 0, 0, 0, 0, 0, 0, 0, 0, 0, 0, 0)
cmt <- 
c(1, 2, 2, 2, 2, 2, 2, 2, 2, 2, 2, 2, 2, 1, 2, 2, 2, 2, 2,
2, 2, 2, 2, 2, 2, 2, 1, 2, 2, 2, 2, 2, 2, 2, 2, 2, 2, 2, 2, 1, 2, 2,
2, 2, 2, 2, 2, 2, 2, 2, 2, 2)
cObs <- 
c(14.9769266187894, 18.5702193967148, 18.3857592921576,
30.7321486546501, 28.9388555080452, 30.1526887527645,
41.3268510299013, 26.7867964011922, 23.8377951357815,
19.5940143535519, 12.4980767170897, 11.8502937547475,
12.967108551962, 19.9478343856121, 20.2225321852759,
24.9594324189406, 29.9869159899857, 32.9312123093729,
32.5023859918644, 33.4254758615619, 23.3681486647496,
19.1992695149239, 13.8517124715884, 14.2627273797591,
17.3731806505897, 17.7397644901255, 21.6513115709333,
30.3143056206536, 38.375079943871, 32.7186513602792,
31.3999668645213, 38.7089221037497, 20.1312349551329,
18.2544656381636, 13.9674697941134, 10.7495804741368,
19.3691261192042, 20.491170739107, 27.908652167491,
35.8427601721254, 28.8185026760376, 42.1716194694839,
26.3283533986354, 31.0008808209326, 27.0598773852076,
17.3910270801305, 18.2085219133324, 9.34561569457077)
evid <- 
c(1, 0, 0, 0, 0, 0, 0, 0, 0, 0, 0, 0, 0, 1, 0, 0, 0, 0, 0,
0, 0, 0, 0, 0, 0, 0, 1, 0, 0, 0, 0, 0, 0, 0, 0, 0, 0, 0, 0, 1, 0, 0,
0, 0, 0, 0, 0, 0, 0, 0, 0, 0)
ii <- 
c(12, 0, 0, 0, 0, 0, 0, 0, 0, 0, 0, 0, 0, 0, 0, 0, 0, 0, 0,
0, 0, 0, 0, 0, 0, 0, 0, 0, 0, 0, 0, 0, 0, 0, 0, 0, 0, 0, 0, 0, 0, 0,
0, 0, 0, 0, 0, 0, 0, 0, 0, 0)
iObs <- 
c(2, 3, 4, 5, 6, 7, 8, 9, 10, 11, 12, 13, 15, 16, 17, 18,
19, 20, 21, 22, 23, 24, 25, 26, 28, 29, 30, 31, 32, 33, 34, 35, 36,
37, 38, 39, 41, 42, 43, 44, 45, 46, 47, 48, 49, 50, 51, 52)
nObs <- 48
nt <- 52
time <- 
c(0, 0.083, 0.167, 0.25, 0.5, 0.75, 1, 1.5, 2, 3, 4, 6, 8,
12, 12.083, 12.167, 12.25, 12.5, 12.75, 13, 13.5, 14, 15, 16, 18,
20, 24, 24.083, 24.167, 24.25, 24.5, 24.75, 25, 25.5, 26, 27, 28,
30, 32, 36, 36.083, 36.167, 36.25, 36.5, 36.75, 37, 37.5, 38, 39,
40, 42, 44)
