amt <- 
c(1000, 0, 0, 0, 0, 0, 0, 0, 0, 0, 0, 0, 0, 1000, 0, 0, 0,
0, 0, 0, 0, 0, 0, 0, 0, 0, 1000, 0, 0, 0, 0, 0, 0, 0, 0, 0, 0, 0, 0,
1000, 0, 0, 0, 0, 0, 0, 0, 0, 0, 0, 0, 0)
cmt <- 
c(1, 2, 2, 2, 2, 2, 2, 2, 2, 2, 2, 2, 2, 1, 2, 2, 2, 2, 2,
2, 2, 2, 2, 2, 2, 2, 1, 2, 2, 2, 2, 2, 2, 2, 2, 2, 2, 2, 2, 1, 2, 2,
2, 2, 2, 2, 2, 2, 2, 2, 2, 2)
cObs <- 
c(13.9365809292883, 17.8828782772568, 21.1794693472988,
28.1598592413178, 31.8412201161922, 33.3198776383438,
32.5245855135544, 29.5284726971867, 22.8714003940831,
18.0195751514361, 13.1929734182734, 11.2642942469073,
13.9365809634611, 17.8828783113166, 21.1794693812473,
28.1598592749335, 31.8412201494782, 33.3198776713034,
32.5245855458708, 29.5284727288726, 22.8714004245443,
18.01957518072, 13.1929734453375, 11.2642942719197,
13.9365809847553, 17.8828783325405, 21.1794694024019,
28.1598592958807, 31.84122017022, 33.3198776918418,
32.5245855660084, 29.5284727486171, 22.8714004435258,
18.0195751989678, 13.192973462202, 11.2642942875058,
13.9365809980245, 17.8828783457659, 21.1794694155841,
28.1598593089336, 31.8412201831449, 33.31987770464,
32.5245855785568, 29.5284727609207, 22.8714004553538,
18.0195752103387, 13.1929734727109, 11.2642942972181)
evid <- 
c(1, 0, 0, 0, 0, 0, 0, 0, 0, 0, 0, 0, 0, 1, 0, 0, 0, 0, 0,
0, 0, 0, 0, 0, 0, 0, 1, 0, 0, 0, 0, 0, 0, 0, 0, 0, 0, 0, 0, 1, 0, 0,
0, 0, 0, 0, 0, 0, 0, 0, 0, 0)
ii <- 
c(12, 0, 0, 0, 0, 0, 0, 0, 0, 0, 0, 0, 0, 0, 0, 0, 0, 0, 0,
0, 0, 0, 0, 0, 0, 0, 0, 0, 0, 0, 0, 0, 0, 0, 0, 0, 0, 0, 0, 0, 0, 0,
0, 0, 0, 0, 0, 0, 0, 0, 0, 0)
iObs <- 
c(2, 3, 4, 5, 6, 7, 8, 9, 10, 11, 12, 13, 15, 16, 17, 18,
19, 20, 21, 22, 23, 24, 25, 26, 28, 29, 30, 31, 32, 33, 34, 35, 36,
37, 38, 39, 41, 42, 43, 44, 45, 46, 47, 48, 49, 50, 51, 52)
nObs <- 48
nt <- 52
time <- 
c(0, 0.083, 0.167, 0.25, 0.5, 0.75, 1, 1.5, 2, 3, 4, 6, 8,
12, 12.083, 12.167, 12.25, 12.5, 12.75, 13, 13.5, 14, 15, 16, 18,
20, 24, 24.083, 24.167, 24.25, 24.5, 24.75, 25, 25.5, 26, 27, 28,
30, 32, 36, 36.083, 36.167, 36.25, 36.5, 36.75, 37, 37.5, 38, 39,
40, 42, 44)
