CL <- 5
ka <- 1.2
Q <- 8
sigma <- 1e-05
VC <- 20
VP <- 70
