alphaPrior <- 0.002
alphaPriorCV <- 1
amt <- 
c(80000, 0, 0, 0, 0, 0, 0, 0, 0, 0, 0, 0, 0, 0, 80000, 0, 0, 0, 0, 0, 0, 0, 0, 0,
0, 0, 0, 0, 80000, 0, 80000, 0, 80000, 0, 80000, 0, 80000, 0, 80000, 0, 80000, 0, 80000,
0, 80000, 0, 80000, 0, 80000, 0, 80000, 0, 80000, 0, 0, 0, 0, 0, 0, 0, 0, 0, 0, 0, 0, 0,
0, 0, 0, 0, 0, 0, 0, 0, 0, 0, 0, 0, 0, 0, 0, 0, 0, 0, 0, 0, 0, 0, 0)
circ0Prior <- 5
circ0PriorCV <- 0.2
CLPrior <- 10
CLPriorCV <- 0.5
cmt <- 
c(1, 1, 1, 1, 1, 1, 1, 1, 1, 1, 1, 1, 1, 1, 1, 1, 1, 1, 1, 1, 1, 1, 1, 1, 1, 1, 1,
1, 1, 1, 1, 1, 1, 1, 1, 1, 1, 1, 1, 1, 1, 1, 1, 1, 1, 1, 1, 1, 1, 1, 1, 1, 1, 1, 1, 1, 1,
1, 1, 1, 1, 1, 1, 1, 1, 1, 1, 1, 1, 1, 1, 1, 1, 1, 1, 1, 1, 1, 1, 1, 1, 1, 1, 1, 1, 1, 1,
1, 1)
cObs <- 
c(329.316897447047, 697.320965998204, 740.862512133513, 1205.15076668876,
1257.28101953198, 1185.71416687525, 1169.7063940622, 823.962074043762, 513.274768773849,
346.136959891888, 276.361387949035, 213.601617020019, 173.647272514587, 518.208870321164,
721.525972452254, 877.460778124162, 1641.84491836671, 1524.28557777049, 1328.15152209464,
1027.50974260975, 1054.73939362761, 588.179898985728, 523.377441410767, 359.041215680208,
288.530019317251, 223.095571453367, 237.689682139595, 322.570370746109, 254.3220036859,
338.414939813066, 318.777532513748, 320.96415891391, 349.35616434716, 332.675778780383,
346.915652936693, 287.961515350368, 328.163622421969, 456.842872075472, 691.445627838082,
876.984632948753, 1327.2083658499, 1487.19789701485, 1757.6823642731, 1572.93640961084,
1457.56674233743, 1258.17056331459, 855.700340358656, 606.121931578173, 448.847628780838,
449.37026359581, 419.525850513054, 232.016697964733, 223.40918064203)
evid <- 
c(1, 0, 0, 0, 0, 0, 0, 0, 0, 0, 0, 0, 0, 0, 1, 0, 0, 0, 0, 0, 0, 0, 0, 0, 0, 0,
0, 0, 1, 0, 1, 0, 1, 0, 1, 0, 1, 0, 1, 0, 1, 0, 1, 0, 1, 0, 1, 0, 1, 0, 1, 0, 1, 0, 0, 0,
0, 0, 0, 0, 0, 0, 0, 0, 0, 0, 0, 0, 0, 0, 0, 0, 0, 0, 0, 0, 0, 0, 0, 0, 0, 0, 0, 0, 0, 0,
0, 0, 0)
gammaPrior <- 0.17
gammaPriorCV <- 0.2
iObsPD <- 
c(2, 30, 34, 38, 42, 46, 50, 54, 69, 70, 71, 72, 73, 74, 75, 76, 77, 78, 79,
80, 81, 82, 83, 84, 85, 86, 87, 88, 89)
iObsPK <- 
c(3, 4, 5, 6, 7, 8, 9, 10, 11, 12, 13, 14, 16, 17, 18, 19, 20, 21, 22, 23, 24,
25, 26, 27, 28, 30, 32, 34, 36, 38, 40, 42, 44, 46, 48, 50, 52, 54, 55, 56, 57, 58, 59,
60, 61, 62, 63, 64, 65, 66, 67, 68, 69)
kaPrior <- 2
kaPriorCV <- 0.5
mttPrior <- 125
mttPriorCV <- 0.2
neutObs <- 
c(4.39843397609086, 4.80780714283483, 5.06606895891759, 4.0730742193975,
5.10514001479531, 4.23599914241832, 3.9396754686384, 3.29277265985221, 3.01241839309413,
2.99099966839828, 2.6706937317036, 2.23542967876045, 1.97661857432204, 2.42883377140825,
2.24406478333476, 2.04166713342004, 2.55189657641634, 2.44636008460013, 3.26380829001017,
3.2265501130707, 3.67256011264626, 4.34338234964359, 4.55240425991815, 4.44582475775002,
5.23971625211994, 4.61043939062381, 5.57263663887337, 5.2697689718298, 6.03135090450531)
nObsPD <- 29
nObsPK <- 53
nt <- 89
QPrior <- 15
QPriorCV <- 0.5
time <- 
c(0, 0, 0.083, 0.167, 0.25, 0.5, 0.75, 1, 1.5, 2, 3, 4, 6, 8, 12, 12, 12.083,
12.167, 12.25, 12.5, 12.75, 13, 13.5, 14, 15, 16, 18, 20, 24, 24, 36, 36, 48, 48, 60, 60,
72, 72, 84, 84, 96, 96, 108, 108, 120, 120, 132, 132, 144, 144, 156, 156, 168, 168,
168.083, 168.167, 168.25, 168.5, 168.75, 169, 169.5, 170, 171, 172, 174, 176, 180, 186,
192, 216, 240, 264, 288, 312, 336, 360, 384, 408, 432, 456, 480, 504, 528, 552, 576, 600,
624, 648, 672)
V1Prior <- 35
V1PriorCV <- 0.5
V2Prior <- 105
V2PriorCV <- 0.5
