CL <- 14.0927666072677
ka <- 1.25124710954642
Q <- 22.789594679262
sigma <- 1.99877751612703
V1 <- 75.2444871056047
V2 <- 60.2421933686628
